California Housing – Linear Regression Coefficients

MedInc: 0.448675
HouseAge: 0.009724
AveRooms: -0.123323
AveBedrms: 0.783145
Population: -0.000002
AveOccup: -0.003526
Latitude: -0.419792
Longitude: -0.433708
